# Created by Octave 3.8.1, Mon Sep 28 16:48:24 2015 CDT <hugo@hugo-PC>
# name: v
# type: matrix
# rows: 1024
# columns: 2
 0 0
 4.89849924e-07 1.34938958e-08
 1.81340806e-06 2.01543315e-08
 5.42793669e-06 4.84198814e-08
 1.46749908e-05 6.99233951e-08
 3.74652409e-05 9.28161015e-08
 9.14554184e-05 1.24414058e-07
 0.000214526954 1.27933163e-07
 0.000484268559 1.59117263e-07
 0.00105247123 1.70898375e-07
 0.00220306218 1.74600814e-07
 0.00444214139 1.7618629e-07
 0.008627887819999999 1.67330072e-07
 0.0161426179 1.55167371e-07
 0.0290941224 1.44906011e-07
 0.0505125932 1.36293636e-07
 0.08448080719999999 1.47928333e-07
 0.13610667 1.27104869e-07
 0.21123444 9.99462131e-08
 0.31580168 5.99880323e-08
 0.45480835 8.10503167e-08
 0.63096696 5.99756405e-08
 0.8432359699999999 1.41646019e-08
 1.0855653 2.85330319e-08
 1.3462543 5.92372018e-08
 1.6082833 6.89288981e-08
 1.850812 9.7893313e-08
 2.051759 1.26110322e-07
 2.1910627 1.78085273e-07
 2.253967 2.10043893e-07
 2.2335956 2.31694642e-07
 2.13219 2.39897133e-07
 1.9607021 2.36096312e-07
 1.7368472 2.12356625e-07
 1.4820945 1.614399e-07
 1.2183006 1.02920765e-07
 0.96471149 5.85482383e-08
 0.73587608 1.36039313e-08
 0.5407248099999999 -3.54194007e-08
 0.38274726 -4.95016046e-08
 0.2609829 -5.22483425e-08
 0.17142586 -4.05774294e-08
 0.10846886 -2.88660527e-08
 0.0661146492 3.17785909e-09
 0.0388198867 4.54036559e-08
 0.0219570454 7.65341426e-08
 0.0119634932 1.21975006e-07
 0.00627914583 1.59298594e-07
 0.00317462999 1.65837235e-07
 0.00154609524 1.19352833e-07
 0.000725301681 1.29690534e-07
 0.000327686808 8.61310667e-08
 0.000142521254 4.80457452e-08
 5.96208374e-05 -4.08011935e-09
 2.39453402e-05 -2.54389381e-08
 9.17178477e-06 -4.46833575e-08
 3.21320863e-06 -8.6286768e-08
 9.53171423e-07 -7.85154626e-08
 1.74259156e-07 -9.00967692e-08
 -1.83861061e-07 -7.03022422e-08
 -2.68877869e-07 -3.99057356e-08
 -3.36437125e-07 -1.21809096e-08
 -2.95021067e-07 2.1981208e-08
 -3.14289565e-07 4.12704573e-08
 -2.75321412e-07 6.30827799e-08
 -2.78911841e-07 8.006109199999999e-08
 -2.43267095e-07 1.10751522e-07
 -2.46136295e-07 1.09955963e-07
 -2.25503982e-07 1.1879245e-07
 -2.40007694e-07 1.29352912e-07
 -2.24219008e-07 1.18152258e-07
 -2.39605896e-07 1.21474656e-07
 -2.71027943e-07 1.34782638e-07
 -2.73936763e-07 1.25244725e-07
 -2.64122406e-07 1.01514942e-07
 -2.86350655e-07 7.85485668e-08
 -3.00943839e-07 7.12188211e-08
 -2.82155327e-07 4.64016274e-08
 -2.61462418e-07 3.6870663e-08
 -2.58978218e-07 4.60787213e-08
 -2.70875319e-07 6.29277679e-08
 -2.7857044e-07 8.46928359e-08
 -2.84316457e-07 1.12651172e-07
 -2.47205691e-07 1.1486636e-07
 -2.41329957e-07 1.31338098e-07
 -2.24796949e-07 1.58735205e-07
 -1.7203763e-07 1.57539631e-07
 -2.14585413e-07 2.34764542e-07
 -2.02899258e-07 4.88698788e-07
 -1.66624758e-07 1.09091411e-06
 -1.87206524e-07 2.78057519e-06
 -1.61885922e-07 7.27660063e-06
 -1.77934936e-07 1.86625512e-05
 -1.8449802e-07 4.64991426e-05
 -1.90617641e-07 0.000111902198
 -2.2417079e-07 0.000259619439
 -2.60184663e-07 0.000580543885
 -2.68503726e-07 0.00125051325
 -2.23416833e-07 0.00259493827
 -2.54951431e-07 0.00518738152
 -2.40785795e-07 0.00998932309
 -2.64263605e-07 0.0185305476
 -2.32859534e-07 0.0331134349
 -2.27812933e-07 0.0570013411
 -2.53398611e-07 0.0945215821
 -2.04524511e-07 0.15098739
 -2.05730004e-07 0.23233494
 -2.01575673e-07 0.34439194
 -1.94376653e-07 0.491763
 -1.95567523e-07 0.6764301700000001
 -2.21953897e-07 0.89630204
 -2.16997989e-07 1.1440635
 -2.71093057e-07 1.4067286
 -2.92042103e-07 1.6662289
 -3.13599628e-07 1.9011806
 -3.17531118e-07 2.0896637
 -3.45021448e-07 2.212554
 -3.306574e-07 2.2567091
 -3.5473667e-07 2.2172854
 -3.06533167e-07 2.0986109
 -3.05907463e-07 1.9134036
 -3.04057494e-07 1.6805273
 -2.70455445e-07 1.4218341
 -2.625234e-07 1.1588215
 -2.57608178e-07 0.9098056
 -2.53415351e-07 0.68808937
 -2.48551487e-07 0.50130904
 -2.54168469e-07 0.35182807
 -2.69516562e-07 0.23785903
 -2.54753388e-07 0.15490781
 -2.52953583e-07 0.0971832722
 -2.77004489e-07 0.0587319024
 -2.74701534e-07 0.0341917202
 -2.88475945e-07 0.0191748794
 -2.93036123e-07 0.0103588225
 -2.92274109e-07 0.00539080426
 -2.87640972e-07 0.00270246039
 -3.20752406e-07 0.00130507641
 -2.8623964e-07 0.000607173017
 -2.96597705e-07 0.000272112724
 -2.91809499e-07 0.000117488402
 -3.04151826e-07 4.88768383e-05
 -2.80061101e-07 1.96263645e-05
 -2.57430656e-07 7.5904486e-06
 -2.74136625e-07 2.78058928e-06
 -2.47660779e-07 9.80325922e-07
 -2.18498073e-07 3.58092052e-07
 -1.92167875e-07 8.22418471e-08
 -2.2310887e-07 1.66678238e-09
 -2.19361112e-07 9.0708685e-09
 -2.01384665e-07 -3.52918583e-09
 -1.84296908e-07 4.59638478e-08
 -2.43001807e-07 9.06902375e-09
 -2.61228166e-07 2.84477704e-08
 -2.17329955e-07 7.023934500000001e-08
 -2.42446333e-07 7.96705351e-08
 -2.34212123e-07 8.87069405e-08
 -2.01712766e-07 7.76484299e-08
 -2.72127949e-07 8.17442398e-08
 -2.73099971e-07 8.18178094e-08
 -2.46438674e-07 3.01775778e-08
 -2.34904022e-07 -1.43532269e-10
 -2.87712055e-07 2.35609683e-08
 -3.08762196e-07 1.65703593e-08
 -3.0024637e-07 1.38431462e-08
 -2.91396304e-07 4.49256055e-09
 -2.94799207e-07 2.86154194e-08
 -3.07197837e-07 2.26186607e-08
 -3.01851031e-07 1.37419347e-08
 -2.88818256e-07 2.77968688e-08
 -2.86137663e-07 6.20280218e-08
 -2.60193048e-07 1.00271997e-07
 -2.97422503e-07 1.39348998e-07
 -3.06721205e-07 1.81389254e-07
 -2.59546596e-07 2.75845309e-07
 -2.40721334e-07 2.64839969e-07
 -2.35789628e-07 2.72972471e-07
 -2.15539913e-07 2.86284461e-07
 -2.11127201e-07 3.39459348e-07
 -2.09733827e-07 3.1701876e-07
 -2.12609663e-07 2.70310778e-07
 -2.28694105e-07 2.07947423e-07
 -2.19525205e-07 1.74674341e-07
 -2.25611217e-07 1.32218318e-07
 -2.44508044e-07 6.40739515e-08
 -2.42536203e-07 3.52753879e-08
 -2.40710619e-07 -7.06708825e-09
 -1.97752584e-07 -5.91880012e-09
 -2.26968623e-07 1.05909628e-10
 -1.7375713e-07 6.31405825e-08
 -1.76350071e-07 1.27488633e-07
 -1.78724221e-07 1.92779567e-07
 -2.09302485e-07 2.18556707e-07
 -1.81407799e-07 2.59567855e-07
 -2.06451745e-07 2.95951963e-07
 -2.06792066e-07 3.03674113e-07
 -2.59262464e-07 2.41131687e-07
 -3.0801894e-07 2.11416918e-07
 -3.18935491e-07 1.25610711e-07
 -3.30617127e-07 4.46736301e-08
 -3.68127075e-07 -5.62405269e-08
 -3.83158863e-07 -1.3365711e-07
 -3.86033406e-07 -2.00435466e-07
 -3.90678338e-07 -2.05621305e-07
 -3.6579064e-07 -2.15866706e-07
 -3.73867493e-07 -1.72595733e-07
 -2.9871839e-07 -1.24706176e-07
 -2.9643445e-07 -3.15139879e-08
 -3.19462799e-07 3.1692494e-08
 -2.59393516e-07 1.16218224e-07
 -2.43488131e-07 1.2844319e-07
 -1.92376262e-07 1.50718506e-07
 -1.87088119e-07 2.48380019e-07
 -2.01814316e-07 2.07354461e-07
 -1.52299862e-07 1.65585988e-07
 -1.4748403e-07 1.17491879e-07
 -1.88926023e-07 7.27453937e-08
 -1.63879236e-07 3.27567626e-08
 -1.93508086e-07 1.46556411e-08
 -2.13792845e-07 -3.80326739e-08
 -2.50302492e-07 -3.6730146e-08
 -2.16940165e-07 -8.51475903e-08
 -2.53667707e-07 -6.51708234e-08
 -2.41272119e-07 -8.60874181e-08
 -2.45757235e-07 -1.08489708e-07
 -2.66240619e-07 -1.08309578e-07
 -2.95956056e-07 -9.83876376e-08
 -2.82981347e-07 -7.03683369e-08
 -2.91652981e-07 -5.00213027e-08
 -2.62227644e-07 -2.5260432e-08
 -2.67851902e-07 8.00741375e-08
 -2.85717903e-07 9.3275851e-08
 -2.64686861e-07 1.56908314e-07
 -2.525301e-07 1.90907784e-07
 -2.86793579e-07 2.1284049e-07
 -2.43168785e-07 2.46765069e-07
 -2.4480471e-07 2.70888819e-07
 -2.14035595e-07 2.97457831e-07
 -2.16110521e-07 3.39292484e-07
 -2.16610303e-07 3.3917965e-07
 -2.36436307e-07 3.28206113e-07
 -2.3600694e-07 4.17277221e-07
 -2.72652585e-07 4.15263855e-07
 -2.59683276e-07 4.47990089e-07
 -2.94586386e-07 3.82887748e-07
 -2.90138559e-07 3.61355006e-07
 -3.19662234e-07 2.91646842e-07
 -3.15398381e-07 2.17075254e-07
 -2.98164736e-07 2.19223793e-07
 -3.36682319e-07 1.62751178e-07
 -3.62439607e-07 6.757142049999999e-08
 -3.68565509e-07 6.66414408e-08
 -3.70644528e-07 3.28516876e-08
 -3.69378085e-07 4.82267026e-09
 -3.06086804e-07 -2.48711203e-08
 -3.12067584e-07 -3.3414068e-08
